500 1113161

“einim 2⁰1⁴, 7.

3161 128, 5. 140, 6 147,11.

31111 ’1115116111 16616111 161, 12.

3111611111 173,“17. 177, 12.

3111111161 magister Orientis 16, 9.

31111116 151, 5.

311666165111 143, 21. 16161611-
111 148, 1.

3116611666 151, 5. 1538

3161116166 urin 120. 22. 131, 14.
11111 ”1111’,.“16“.1211ξ.’..ἷ
tore (ΞΡ. liberatur, 1166111165-
11611133,18.136,11. ,

31131161 79,16.

3111661661 11111111 regnum 1611,
11 Romae coronetur 115, 19.
eum liudulpho 1166616 61111161
11616. 6116516611361666661
116611 117, 1. 1 9611165616

Β 6611161611 6661611611 ib. 11.

1111151131 ‘

31166 49, 20.

3111661149, 16.

31611151ῗὲ15116 1111111 16611 6161

31111366616111 16 661161166οηί1
6161117, 22.

31111 11666611 6111, 3616166 Por-
66116616166116 66611, 3666·
611 6116111611 16611116 118,5.

31161111 163,18.

311611177, 13. ·

31111161 6. 29. 21.

316161112211.

3666666561 Senium-pin„

Bonifatius 1111116 6111611111
1111116161 Africam 1116611161
611 110, 13. 15 1116166111
cum 161 expellere 1111111116
11218.

3616111611 166, 1.

3616 11666611 1611111161 166.
3616666116 16111516111616
116116161 116, 22

361661 159, 21.

3616611161 63, 1616111. h·
116116 11 Ponticam 11161111
1116611111πί 161166611111 1
(1511166161 616161 61111161
1113111311 ,1111
611 1611 6616111161111
525510. 16116111 cim
111 1161111 611661 ib. 2266

36166161 Ponti 6111111 regnif-
16611161 6166163, 3. M
dicu 63, 10. Τ11111111 nie
11161616162,23. 3611116611
19. (3166111161 ib. 1616010-
177,6.179,19. 1111616.
14. 26510. 21.

3666166161 61117.

3166616149, 18- ,

311661 1666116611 61161 sm»
1111111
16 eo 66111111 11161, 111191
11666111 6111116111. 23

3111111 161. 164, 3.

3111111 chersonis 61161161 36166- 3115111 145, 8.

111661116111 252, 18
3111116. 100, 20.
31116151 75, 14.

Bithyni 17,8. 25, 8. 26, 1. 29, 3.

Bithyni· 15, 9.
Bizye 17, 3.

3111166111 110, 8·

31661661 122, 13.

3166661 122, 15.

316161 6. 171, 12. ⁹

366661111161616 thena 111 w·
mmnmwffli

Blentemerne 8111161616 61166161 6151121121.
36161161 1166111518 11610161 36111161 661661.

liberi 1511113.

31116111 , 17· 73, 24 19011

mmmfflwnmffln1nmwfflmni
6111111611 611111,1511111116 51116 066666661161116116611116101

616161 154, 18. -
1615661161611616 66611 168, 5.
36161166, 18.

3611 122,11.
311 iiiii·

1611666 1111616 11611116),0112ιῇ
1161 1111. 1 1116161116ε
11611 71, 12· , w

Buigarie 45, 15. 140. ¹⁶¹ ¹³5-
wemnmwffl
81, 3· 180, 12.

 

