INDEX HISTORICUS.

a—-a--o-a--b

11111 11111111 princeps 195, 15. 11111111111111111191, 1191-
11111 1111 111111 11 11 1111111111 zum 111111 capitib. 18. 11111
1111111 ibid. 22. Cyprum 1111111119, 11.

1111122122. Abydus 25, 17- 43, 2.

1111111111111111111,9. 121, 7. muza 211, 13.

148, 9. 1 1111111111 infestati, 111111149, 29.
9111111111 [1111111111 1111111111 11111111 225, 9.
11111. 141, 19. 153, 13. 152, accubitor 1111 Basilio nullus 1111
11. 1011111111111111 expulsi 231,18.
144, 3. 148, 9. 111111 52, 7. ·
1111111 177, 19. 182, 1. 291, 7. 111111 51,5. 2191.
295, 19. Achelous 11. 55. 20.
11111111 1111111111111 195,12. 1111111111111111111 privignus 11
11111111 1111111111 tyrannus 11 1111- 1111111 adoptivus 11 mortuo 111-
11111111 principe 1111111 98, 13. 1111111911. 11111111111111-

. 11111111 1111111 Arabum princi· 111111511111111111196,17.

111111111111111 111111 11111111 1111111111 47, 11.
athomum gerit 195, 22. 1111147, 14.
1111111111 1111111111 filim, 11111111114,19.
111111111111111111194, 15. 1111111111 55, 18.
11111111111 1111111111 1111111111. 11111111 prom. 55, 6.
111 111111111111192, 13. 11111 19, 23.
11111111 11111111111111111111 1111- 111111 185, 1.
1111111111 11111111 1111111111 111111111111111111 111111, 11111-
1111111111111 ,1111 1111112318. 111111ςί1 1111111 pater 115, 11.
111111111111 1111111111 quot 1111111 1111111111 fllia, 11111111
1111119811. 11111111111111111- 1111111131 11111· 117, 23.
11111111 quibu conditionibus 11111111111111 111111, 111111111-
{30121210122 11111111 invadit 11*ιόιό111111 111111 imp. 1111111
1111111111 199, 15. 11111111Ρ111111111111311111 filius.
1111111111 urb· 299, 13. 292, 5. 293, 1111111 curopalaten 207, 2⁰. 11-
20. 1111 pagos Romani ἀερομι- liam [111111 11111111 uxorem 11-
111111291,1 111111111111911- 11111. 21.
1111131111 11 subiicit ib. 8. 11111111 magister 11111111 europi·
1111 19114. 111111111111 sub 1111111111-
111111111111 11111111 Arabum 1111120115.

 

