579

Naucratim S. 111ιὶΙί1111101 99, 9.
Naupactum 51, 18. -
Nazianzos 91, 4.

1101001109ὃῦ , 9. 49,19. 00,18.

1101110170, 90.

1101017911.

1100001110 177, 4. 180, 9.

1100010139, 15.

1100011111 74, 90.

Neocaesarea 18, 99. 91, 7. 31,11.

1100110100 199,19.

Nicaea 90, 4.

111101014917.

11110111 01101111 0111111111 01 rei
0111111 drungariua 1009111110
1111. 130, 11.

11110111 010101011111101 Cibyr-
111100111010 0110101 1011110110-
11093019. ·

Nicetes Sopbiam 1111101 Christo·
0101011000οΙ imperat. 1111010
matrimonium iuuat 54, 3.

1111011111 0101110001 1111011001,

110101101111111 94, 1. 59, 19. .

9110100111 97, 5. 908, 13. 950, 13.

Nicopolin urba 31, 15. 904,17.
101 111 diota 54, 17. ce 01
thematis olim veteru 110111910-
100111111. 16.

1111001110. 181, 13. 189, 9.

111ςο101101 90, 11.

11101 145, 8.

11001 145, 8. 151, 5.

Norae Patrae 50, 6.

Noviodunum 47, 15.

11011110 169, 90. .

Nonum 191, 99.

111111 94, 10. 996, 9. ’

Obaequium 1111011 14,17. uuile
1111111001 94, 15. quibua po-
00111 11110101111111101 ibid. 90.
0101 011101 01 populi 90,.1.

0101001 11111001 119, 1.

00101001 11001 37, 8.

00011101 38,14.

01101001 935, 6. 1111111195, 6.

0001001011 46, 4.

000111 198, 5. 147,11.

optimatum 1110101 96, 8. 101111
0001001100 ibid. 9. 0 quibua

00000100ΙΙ 01 0101501100011109309.
11. 1 arumna ea eao o 111

0110101 0111100111 ,91.

11191111

0101 47, 3.

01001101 fl. 145, 19.

01110110οΙ01111170, 13

011111 163,18.

01111001 0111111819.

lagani Serviorum gene eur 1101
dicti 103,11. 11001101 dian
1101010101·

9111011 153,10. 156,14. 16111.
regionis 11100145, 91. 0101 10-
pamiae ib. 99.

Pege 969, 1.

9111011101 95, 3. 97, 4. 98, 7.

palm 11100111 180, 7.

9100111111 14, 9.

Pamphylii 15, 91. 17, 7.

Pamphyliae 1100139, 18

019101105111101001 ubi 1100111101

9101111101 Cricoricii ’1111101110
lilius, 0111111111 1111111 01 ’1110-
011 011010118919. ’71101011-

. 11011 magistu· 1111101 000101010-
111111. 17.

9101111101 magister 11110100 00-
100111110 01101 907, 90.

9101111100 magieierblaatatnrn 01- ,

bem eibi 100001111οι ’1110010-
010001111011 1011111904, 18.

9101111101 fluvialia Iberia 61101 ¹

109, 4.

91011110111111001111 Το101 pria-
11011 111101 31, 9. 990, 14. 11-
110110101 0011011πί110ιο 0110-
1011011 Leone ib. 16.

91011 110, 5.

910110 47, 3.

Pannonia 56,10. 111, 19. 14111

Pautalia 56, 6.

91001101001 63, 11.

9001011 181, 10. 969, 9.
Paphlagonee 17, 7. euru· 1110

011 178, 7. quibua 0011101111· ³

cumecribaiur 99, 90. 010001-
bea 30, 4.

Paphlagonia 98,19. 178, 7. 970. ’

millu m, 11.
9110000009. 110, 1. 190, 18.

9101111100 Danubii 78, 91

 

